A -0.26 -0.23 0.38 0.29 -0.20 0.67 0.09 0.20 -0.44 0.38 -0.35 -0.19 0.25 0.17 0.17 0.23 0.14 0.05 -0.41 -0.11 -0.13
C -0.23 -2.37 0.33 0.44 -0.36 0.49 -0.20 0.81 -0.30 0.44 -0.33 -0.16 0.19 0.01 0.19 0.32 -0.09 -0.10 -0.39 -0.48 -0.33
D 0.38 0.33 0.35 0.54 0.41 0.79 0.10 -0.28 0.34 0.03 0.49 0.37 0.08 0.48 0.29 -0.01 0.00 0.06 0.45 0.53 0.37
E 0.29 0.44 0.54 0.59 0.43 1.18 0.30 -0.35 0.34 -0.05 0.35 0.38 0.34 0.44 0.24 -0.03 0.22 0.17 0.42 0.47 0.41
F -0.20 -0.36 0.41 0.43 -0.64 0.58 -0.02 0.53 -0.48 0.37 -0.47 -0.48 0.22 0.02 0.21 0.20 0.17 0.13 -0.50 -0.48 -0.49
G 0.67 0.49 0.79 1.18 0.58 7.03 0.77 -0.04 0.71 1.00 0.76 0.81 0.70 0.92 0.96 0.87 0.75 0.69 0.61 0.46 0.68
H 0.09 -0.20 0.10 0.30 -0.02 0.77 -0.44 -0.11 0.13 0.53 0.08 0.15 0.25 0.10 0.24 0.16 0.02 0.06 0.08 -0.28 -0.09
HOH 0.20 0.81 -0.28 -0.35 0.53 -0.04 -0.11 -0.26 0.62 -0.43 0.46 0.25 -0.27 -0.20 -0.23 -0.25 -0.06 -0.05 0.51 0.39 0.28
I -0.44 -0.30 0.34 0.34 -0.48 0.71 0.13 0.62 -0.72 0.38 -0.49 -0.42 0.37 0.26 0.22 0.20 0.11 0.11 -0.58 -0.43 -0.42
K 0.38 0.44 0.03 -0.05 0.37 1.00 0.53 -0.43 0.38 0.64 0.45 0.48 0.36 0.73 0.29 0.64 0.38 0.37 0.40 0.30 0.26
L -0.35 -0.33 0.49 0.35 -0.47 0.76 0.08 0.46 -0.49 0.45 -0.53 -0.38 0.37 0.23 0.11 0.14 0.20 0.16 -0.50 -0.36 -0.33
M -0.19 -0.16 0.37 0.38 -0.48 0.81 0.15 0.25 -0.42 0.48 -0.38 -0.46 0.26 0.19 0.16 0.24 0.25 0.15 -0.34 -0.31 -0.28
N 0.25 0.19 0.08 0.34 0.22 0.70 0.25 -0.27 0.37 0.36 0.37 0.26 -0.15 0.41 0.25 0.35 0.03 0.09 0.37 0.11 0.23
P 0.17 0.01 0.48 0.44 0.02 0.92 0.10 -0.20 0.26 0.73 0.23 0.19 0.41 0.10 0.39 0.33 0.29 0.31 0.06 -0.26 -0.11
Q 0.17 0.19 0.29 0.24 0.21 0.96 0.24 -0.23 0.22 0.29 0.11 0.16 0.25 0.39 0.14 0.18 0.17 0.06 0.32 -0.08 0.14
R 0.23 0.32 -0.01 -0.03 0.20 0.87 0.16 -0.25 0.20 0.64 0.14 0.24 0.35 0.33 0.18 0.33 0.20 0.22 0.16 -0.11 -0.02
S 0.14 -0.09 0.00 0.22 0.17 0.75 0.02 -0.06 0.11 0.38 0.20 0.25 0.03 0.29 0.17 0.20 -0.05 0.03 0.08 0.11 0.00
T 0.05 -0.10 0.06 0.17 0.13 0.69 0.06 -0.05 0.11 0.37 0.16 0.15 0.09 0.31 0.06 0.22 0.03 -0.15 0.00 0.13 0.08
V -0.41 -0.39 0.45 0.42 -0.50 0.61 0.08 0.51 -0.58 0.40 -0.50 -0.34 0.37 0.06 0.32 0.16 0.08 0.00 -0.68 -0.30 -0.29
W -0.11 -0.48 0.53 0.47 -0.48 0.46 -0.28 0.39 -0.43 0.30 -0.36 -0.31 0.11 -0.26 -0.08 -0.11 0.11 0.13 -0.30 -0.50 -0.46
Y -0.13 -0.33 0.37 0.41 -0.49 0.68 -0.09 0.28 -0.42 0.26 -0.33 -0.28 0.23 -0.11 0.14 -0.02 0.00 0.08 -0.29 -0.46 -0.37
